,Id,SalePrice
0,2658,181469.70160897123
1,2718,181469.70160897123
2,2414,181469.70160897123
3,1989,181469.70160897123
4,625,181469.70160897123
5,333,181469.70160897123
6,1327,181469.70160897123
7,858,181469.70160897123
8,95,181469.70160897123
9,1568,181469.70160897123
10,2482,181469.70160897123
11,1364,181469.70160897123
12,2584,181469.70160897123
13,818,181469.70160897123
14,2673,181469.70160897123
15,2089,181469.70160897123
16,1297,181469.70160897123
17,790,181469.70160897123
18,2616,181469.70160897123
19,720,181469.70160897123
20,222,181469.70160897123
21,557,181469.70160897123
22,1148,181469.70160897123
23,2766,181469.70160897123
24,534,181469.70160897123
25,1452,181469.70160897123
26,630,181469.70160897123
27,2648,181469.70160897123
28,125,181469.70160897123
29,1904,181469.70160897123
30,1670,181469.70160897123
31,756,181469.70160897123
32,717,181469.70160897123
33,1032,181469.70160897123
34,852,181469.70160897123
35,1731,181469.70160897123
36,2639,181469.70160897123
37,2071,181469.70160897123
38,1267,181469.70160897123
39,1851,181469.70160897123
40,567,181469.70160897123
41,2439,181469.70160897123
42,1898,181469.70160897123
43,647,181469.70160897123
44,2256,181469.70160897123
45,979,181469.70160897123
46,1444,181469.70160897123
47,2485,181469.70160897123
48,157,181469.70160897123
49,88,181469.70160897123
50,2003,181469.70160897123
51,186,181469.70160897123
52,1425,181469.70160897123
53,2695,181469.70160897123
54,738,181469.70160897123
55,395,181469.70160897123
56,1353,181469.70160897123
57,1878,181469.70160897123
58,390,181469.70160897123
59,1456,181469.70160897123
60,1103,181469.70160897123
61,1387,181469.70160897123
62,2070,181469.70160897123
63,1199,181469.70160897123
64,2479,181469.70160897123
65,501,181469.70160897123
66,2362,181469.70160897123
67,1718,181469.70160897123
68,2188,181469.70160897123
69,1483,181469.70160897123
70,2557,181469.70160897123
71,437,181469.70160897123
72,2224,181469.70160897123
73,1628,181469.70160897123
74,397,181469.70160897123
75,587,181469.70160897123
76,971,181469.70160897123
77,2611,181469.70160897123
78,1887,181469.70160897123
79,2399,181469.70160897123
80,2148,181469.70160897123
81,304,181469.70160897123
82,1997,181469.70160897123
83,2817,181469.70160897123
84,1431,181469.70160897123
85,427,181469.70160897123
86,263,181469.70160897123
87,598,181469.70160897123
88,2895,181469.70160897123
89,687,181469.70160897123
90,1822,181469.70160897123
91,2191,181469.70160897123
92,179,181469.70160897123
93,1009,181469.70160897123
94,2010,181469.70160897123
95,1991,181469.70160897123
96,1411,181469.70160897123
97,1721,181469.70160897123
98,1144,181469.70160897123
99,593,181469.70160897123
100,575,181469.70160897123
101,1249,181469.70160897123
102,1604,181469.70160897123
103,1064,181469.70160897123
104,1923,181469.70160897123
105,1988,181469.70160897123
106,2325,181469.70160897123
107,114,181469.70160897123
108,2700,181469.70160897123
109,217,181469.70160897123
110,343,181469.70160897123
111,386,181469.70160897123
112,2005,181469.70160897123
113,2908,181469.70160897123
114,1814,181469.70160897123
115,2446,181469.70160897123
116,208,181469.70160897123
117,1679,181469.70160897123
118,822,181469.70160897123
119,6,181469.70160897123
120,1781,181469.70160897123
121,2397,181469.70160897123
122,2340,181469.70160897123
123,1618,181469.70160897123
124,2843,181469.70160897123
125,1061,181469.70160897123
126,2786,181469.70160897123
127,1935,181469.70160897123
128,1341,181469.70160897123
129,521,181469.70160897123
130,2136,181469.70160897123
131,996,181469.70160897123
132,227,181469.70160897123
133,135,181469.70160897123
134,1167,181469.70160897123
135,294,181469.70160897123
136,1776,181469.70160897123
137,540,181469.70160897123
138,1717,181469.70160897123
139,2303,181469.70160897123
140,116,181469.70160897123
141,127,181469.70160897123
142,1371,181469.70160897123
143,1014,181469.70160897123
144,1507,181469.70160897123
145,702,181469.70160897123
146,750,181469.70160897123
147,261,181469.70160897123
148,1559,181469.70160897123
149,577,181469.70160897123
150,2812,181469.70160897123
151,2080,181469.70160897123
152,1368,181469.70160897123
153,2376,181469.70160897123
154,659,181469.70160897123
155,1235,181469.70160897123
156,332,181469.70160897123
157,1917,181469.70160897123
158,2094,181469.70160897123
159,1460,181469.70160897123
160,1471,181469.70160897123
161,1509,181469.70160897123
162,1922,181469.70160897123
163,433,181469.70160897123
164,460,181469.70160897123
165,1116,181469.70160897123
166,1137,181469.70160897123
167,53,181469.70160897123
168,2354,181469.70160897123
169,1475,181469.70160897123
170,1761,181469.70160897123
171,842,181469.70160897123
172,2739,181469.70160897123
173,2509,181469.70160897123
174,1007,181469.70160897123
175,2610,181469.70160897123
176,1952,181469.70160897123
177,2719,181469.70160897123
178,2921,181469.70160897123
179,1966,181469.70160897123
180,292,181469.70160897123
181,1204,181469.70160897123
182,1829,181469.70160897123
183,2419,181469.70160897123
184,391,181469.70160897123
185,798,181469.70160897123
186,481,181469.70160897123
187,193,181469.70160897123
188,555,181469.70160897123
189,899,181469.70160897123
190,2357,181469.70160897123
191,328,181469.70160897123
192,1356,181469.70160897123
193,1154,181469.70160897123
194,1730,181469.70160897123
195,2249,181469.70160897123
196,1119,181469.70160897123
197,2856,181469.70160897123
198,1394,181469.70160897123
199,2587,181469.70160897123
200,61,181469.70160897123
201,2661,181469.70160897123
202,2711,181469.70160897123
203,1147,181469.70160897123
204,757,181469.70160897123
205,2623,181469.70160897123
206,2378,181469.70160897123
207,1413,181469.70160897123
208,1722,181469.70160897123
209,1112,181469.70160897123
210,1623,181469.70160897123
211,1201,181469.70160897123
212,1513,181469.70160897123
213,957,181469.70160897123
214,1171,181469.70160897123
215,1145,181469.70160897123
216,2726,181469.70160897123
217,703,181469.70160897123
218,760,181469.70160897123
219,1964,181469.70160897123
220,2512,181469.70160897123
221,159,181469.70160897123
222,1281,181469.70160897123
223,468,181469.70160897123
224,290,181469.70160897123
225,665,181469.70160897123
226,1463,181469.70160897123
227,1792,181469.70160897123
228,923,181469.70160897123
229,500,181469.70160897123
230,1408,181469.70160897123
231,331,181469.70160897123
232,170,181469.70160897123
233,2192,181469.70160897123
234,2571,181469.70160897123
235,2314,181469.70160897123
236,2647,181469.70160897123
237,422,181469.70160897123
238,2457,181469.70160897123
239,1838,181469.70160897123
240,2805,181469.70160897123
241,1645,181469.70160897123
242,1711,181469.70160897123
243,2825,181469.70160897123
244,322,181469.70160897123
245,2103,181469.70160897123
246,342,181469.70160897123
247,600,181469.70160897123
248,488,181469.70160897123
249,1725,181469.70160897123
250,2246,181469.70160897123
251,2847,181469.70160897123
252,806,181469.70160897123
253,530,181469.70160897123
254,963,181469.70160897123
255,2678,181469.70160897123
256,171,181469.70160897123
257,2401,181469.70160897123
258,805,181469.70160897123
259,2259,181469.70160897123
260,1748,181469.70160897123
261,1361,181469.70160897123
262,1677,181469.70160897123
263,1406,181469.70160897123
264,2322,181469.70160897123
265,688,181469.70160897123
266,143,181469.70160897123
267,804,181469.70160897123
268,1214,181469.70160897123
269,2828,181469.70160897123
270,1999,181469.70160897123
271,2467,181469.70160897123
272,2665,181469.70160897123
273,1538,181469.70160897123
274,398,181469.70160897123
275,2822,181469.70160897123
276,2157,181469.70160897123
277,1856,181469.70160897123
278,1269,181469.70160897123
279,2570,181469.70160897123
280,2320,181469.70160897123
281,1517,181469.70160897123
282,2304,181469.70160897123
283,1312,181469.70160897123
284,2012,181469.70160897123
285,506,181469.70160897123
286,2865,181469.70160897123
287,2367,181469.70160897123
288,554,181469.70160897123
289,238,181469.70160897123
290,1954,181469.70160897123
291,2488,181469.70160897123
292,2291,181469.70160897123
293,1969,181469.70160897123
294,2725,181469.70160897123
295,1482,181469.70160897123
296,2763,181469.70160897123
297,503,181469.70160897123
298,1584,181469.70160897123
299,1531,181469.70160897123
300,2210,181469.70160897123
301,459,181469.70160897123
302,556,181469.70160897123
303,1347,181469.70160897123
304,1290,181469.70160897123
305,1388,181469.70160897123
306,1571,181469.70160897123
307,2754,181469.70160897123
308,765,181469.70160897123
309,2494,181469.70160897123
310,2870,181469.70160897123
311,7,181469.70160897123
312,1114,181469.70160897123
313,2418,181469.70160897123
314,291,181469.70160897123
315,18,181469.70160897123
316,39,181469.70160897123
317,1001,181469.70160897123
318,2442,181469.70160897123
319,616,181469.70160897123
320,2680,181469.70160897123
321,1414,181469.70160897123
322,289,181469.70160897123
323,40,181469.70160897123
324,860,181469.70160897123
325,409,181469.70160897123
326,673,181469.70160897123
327,2427,181469.70160897123
328,2036,181469.70160897123
329,2564,181469.70160897123
330,642,181469.70160897123
331,1008,181469.70160897123
332,1908,181469.70160897123
333,2519,181469.70160897123
334,1369,181469.70160897123
335,2855,181469.70160897123
336,712,181469.70160897123
337,1943,181469.70160897123
338,1958,181469.70160897123
339,107,181469.70160897123
340,2295,181469.70160897123
341,704,181469.70160897123
342,676,181469.70160897123
343,259,181469.70160897123
344,93,181469.70160897123
345,106,181469.70160897123
346,2315,181469.70160897123
347,1050,181469.70160897123
348,1095,181469.70160897123
349,2709,181469.70160897123
350,758,181469.70160897123
351,1496,181469.70160897123
352,2370,181469.70160897123
353,2458,181469.70160897123
354,2733,181469.70160897123
355,161,181469.70160897123
356,726,181469.70160897123
357,845,181469.70160897123
358,947,181469.70160897123
359,2232,181469.70160897123
360,2563,181469.70160897123
361,2299,181469.70160897123
362,211,181469.70160897123
363,605,181469.70160897123
364,1478,181469.70160897123
365,2247,181469.70160897123
366,2274,181469.70160897123
367,2869,181469.70160897123
368,967,181469.70160897123
369,2656,181469.70160897123
370,667,181469.70160897123
371,1042,181469.70160897123
372,2023,181469.70160897123
373,2447,181469.70160897123
374,2055,181469.70160897123
375,2275,181469.70160897123
376,2204,181469.70160897123
377,1563,181469.70160897123
378,483,181469.70160897123
379,796,181469.70160897123
380,1526,181469.70160897123
381,2042,181469.70160897123
382,442,181469.70160897123
383,1693,181469.70160897123
384,1468,181469.70160897123
385,1430,181469.70160897123
386,2605,181469.70160897123
387,1529,181469.70160897123
388,335,181469.70160897123
389,1287,181469.70160897123
390,31,181469.70160897123
391,1785,181469.70160897123
392,82,181469.70160897123
393,2620,181469.70160897123
394,252,181469.70160897123
395,721,181469.70160897123
396,2165,181469.70160897123
397,2316,181469.70160897123
398,775,181469.70160897123
399,1558,181469.70160897123
400,17,181469.70160897123
401,1022,181469.70160897123
402,925,181469.70160897123
403,438,181469.70160897123
404,1270,181469.70160897123
405,1272,181469.70160897123
406,215,181469.70160897123
407,266,181469.70160897123
408,2402,181469.70160897123
409,1250,181469.70160897123
410,1984,181469.70160897123
411,1279,181469.70160897123
412,377,181469.70160897123
413,1252,181469.70160897123
414,2156,181469.70160897123
415,499,181469.70160897123
416,1374,181469.70160897123
417,2898,181469.70160897123
418,401,181469.70160897123
419,2721,181469.70160897123
420,2078,181469.70160897123
421,2589,181469.70160897123
422,1946,181469.70160897123
423,1334,181469.70160897123
424,2781,181469.70160897123
425,431,181469.70160897123
426,576,181469.70160897123
427,1474,181469.70160897123
428,2254,181469.70160897123
429,2155,181469.70160897123
430,885,181469.70160897123
431,643,181469.70160897123
432,1944,181469.70160897123
433,480,181469.70160897123
434,2845,181469.70160897123
435,2387,181469.70160897123
436,2407,181469.70160897123
437,2527,181469.70160897123
438,2514,181469.70160897123
439,629,181469.70160897123
440,80,181469.70160897123
441,1876,181469.70160897123
442,1546,181469.70160897123
443,2518,181469.70160897123
444,2347,181469.70160897123
445,783,181469.70160897123
446,1322,181469.70160897123
447,194,181469.70160897123
448,1770,181469.70160897123
449,2143,181469.70160897123
450,1229,181469.70160897123
451,511,181469.70160897123
452,46,181469.70160897123
453,1348,181469.70160897123
454,2465,181469.70160897123
455,387,181469.70160897123
456,873,181469.70160897123
457,1918,181469.70160897123
458,2764,181469.70160897123
459,2184,181469.70160897123
460,934,181469.70160897123
461,1920,181469.70160897123
462,2631,181469.70160897123
463,1768,181469.70160897123
464,2040,181469.70160897123
465,1749,181469.70160897123
466,834,181469.70160897123
467,1457,181469.70160897123
468,79,181469.70160897123
469,2302,181469.70160897123
470,1817,181469.70160897123
471,2755,181469.70160897123
472,359,181469.70160897123
473,2059,181469.70160897123
474,2092,181469.70160897123
475,2516,181469.70160897123
476,150,181469.70160897123
477,1656,181469.70160897123
478,83,181469.70160897123
479,2411,181469.70160897123
480,795,181469.70160897123
481,2312,181469.70160897123
482,2917,181469.70160897123
483,1624,181469.70160897123
484,2215,181469.70160897123
485,1211,181469.70160897123
486,1485,181469.70160897123
487,1024,181469.70160897123
488,570,181469.70160897123
489,2874,181469.70160897123
490,700,181469.70160897123
491,2756,181469.70160897123
492,2022,181469.70160897123
493,583,181469.70160897123
494,2392,181469.70160897123
495,2424,181469.70160897123
496,212,181469.70160897123
497,736,181469.70160897123
498,1610,181469.70160897123
499,890,181469.70160897123
500,467,181469.70160897123
501,578,181469.70160897123
502,1747,181469.70160897123
503,1149,181469.70160897123
504,2758,181469.70160897123
505,857,181469.70160897123
506,2219,181469.70160897123
507,733,181469.70160897123
508,2909,181469.70160897123
509,1798,181469.70160897123
510,235,181469.70160897123
511,2366,181469.70160897123
512,1027,181469.70160897123
513,1195,181469.70160897123
514,1303,181469.70160897123
515,148,181469.70160897123
516,608,181469.70160897123
517,2515,181469.70160897123
518,821,181469.70160897123
519,2500,181469.70160897123
520,745,181469.70160897123
521,741,181469.70160897123
522,1611,181469.70160897123
523,2532,181469.70160897123
524,1081,181469.70160897123
525,1692,181469.70160897123
526,2520,181469.70160897123
527,276,181469.70160897123
528,1992,181469.70160897123
529,663,181469.70160897123
530,418,181469.70160897123
531,1733,181469.70160897123
532,2359,181469.70160897123
533,253,181469.70160897123
534,1518,181469.70160897123
535,2035,181469.70160897123
536,2919,181469.70160897123
537,1540,181469.70160897123
538,2120,181469.70160897123
539,1674,181469.70160897123
540,256,181469.70160897123
541,2361,181469.70160897123
542,978,181469.70160897123
543,2280,181469.70160897123
544,2095,181469.70160897123
545,1709,181469.70160897123
546,2801,181469.70160897123
547,1246,181469.70160897123
548,2373,181469.70160897123
549,1055,181469.70160897123
550,2017,181469.70160897123
551,1099,181469.70160897123
552,1344,181469.70160897123
553,835,181469.70160897123
554,1117,181469.70160897123
555,2043,181469.70160897123
556,2085,181469.70160897123
557,410,181469.70160897123
558,2650,181469.70160897123
559,2867,181469.70160897123
560,1668,181469.70160897123
561,1161,181469.70160897123
562,2122,181469.70160897123
563,2539,181469.70160897123
564,1047,181469.70160897123
565,1445,181469.70160897123
566,541,181469.70160897123
567,569,181469.70160897123
568,1276,181469.70160897123
569,918,181469.70160897123
570,326,181469.70160897123
571,1936,181469.70160897123
572,895,181469.70160897123
573,257,181469.70160897123
574,1241,181469.70160897123
575,1545,181469.70160897123
576,1189,181469.70160897123
577,270,181469.70160897123
578,2066,181469.70160897123
579,693,181469.70160897123
580,1259,181469.70160897123
581,2916,181469.70160897123
582,2321,181469.70160897123
583,1977,181469.70160897123
584,1895,181469.70160897123
585,1240,181469.70160897123
586,85,181469.70160897123
587,1823,181469.70160897123
588,825,181469.70160897123
589,110,181469.70160897123
590,697,181469.70160897123
591,2297,181469.70160897123
592,1231,181469.70160897123
593,1355,181469.70160897123
594,968,181469.70160897123
595,584,181469.70160897123
596,1315,181469.70160897123
597,1606,181469.70160897123
598,206,181469.70160897123
599,1685,181469.70160897123
600,2016,181469.70160897123
601,869,181469.70160897123
602,2135,181469.70160897123
603,2346,181469.70160897123
604,2430,181469.70160897123
605,2198,181469.70160897123
606,2652,181469.70160897123
607,27,181469.70160897123
608,241,181469.70160897123
609,906,181469.70160897123
610,1506,181469.70160897123
611,2098,181469.70160897123
612,1435,181469.70160897123
613,2213,181469.70160897123
614,1274,181469.70160897123
615,743,181469.70160897123
616,1737,181469.70160897123
617,2797,181469.70160897123
618,2185,181469.70160897123
619,58,181469.70160897123
620,830,181469.70160897123
621,808,181469.70160897123
622,680,181469.70160897123
623,1153,181469.70160897123
624,1291,181469.70160897123
625,1818,181469.70160897123
626,2161,181469.70160897123
627,1883,181469.70160897123
628,350,181469.70160897123
629,2473,181469.70160897123
630,295,181469.70160897123
631,293,181469.70160897123
632,859,181469.70160897123
633,288,181469.70160897123
634,1578,181469.70160897123
635,102,181469.70160897123
636,2831,181469.70160897123
637,1030,181469.70160897123
638,2551,181469.70160897123
639,1286,181469.70160897123
640,958,181469.70160897123
641,776,181469.70160897123
642,72,181469.70160897123
643,2263,181469.70160897123
644,1866,181469.70160897123
645,2876,181469.70160897123
646,2146,181469.70160897123
647,103,181469.70160897123
648,1500,181469.70160897123
649,492,181469.70160897123
650,167,181469.70160897123
651,2597,181469.70160897123
652,2685,181469.70160897123
653,1035,181469.70160897123
654,1220,181469.70160897123
655,2602,181469.70160897123
656,2159,181469.70160897123
657,695,181469.70160897123
658,1109,181469.70160897123
659,640,181469.70160897123
660,1652,181469.70160897123
661,2090,181469.70160897123
662,1188,181469.70160897123
663,2345,181469.70160897123
664,1059,181469.70160897123
665,2751,181469.70160897123
666,128,181469.70160897123
667,1523,181469.70160897123
668,2925,181469.70160897123
669,2145,181469.70160897123
670,1121,181469.70160897123
671,566,181469.70160897123
672,565,181469.70160897123
673,1331,181469.70160897123
674,2928,181469.70160897123
675,156,181469.70160897123
676,797,181469.70160897123
677,327,181469.70160897123
678,2859,181469.70160897123
679,1453,181469.70160897123
680,1762,181469.70160897123
681,1868,181469.70160897123
682,1760,181469.70160897123
683,1113,181469.70160897123
684,1812,181469.70160897123
685,117,181469.70160897123
686,1142,181469.70160897123
687,2342,181469.70160897123
688,927,181469.70160897123
689,2478,181469.70160897123
690,655,181469.70160897123
691,2064,181469.70160897123
692,369,181469.70160897123
693,2239,181469.70160897123
694,2732,181469.70160897123
695,1653,181469.70160897123
696,959,181469.70160897123
697,2395,181469.70160897123
698,1412,181469.70160897123
699,271,181469.70160897123
700,1484,181469.70160897123
701,1497,181469.70160897123
702,552,181469.70160897123
703,2,181469.70160897123
704,1855,181469.70160897123
705,4,181469.70160897123
706,2292,181469.70160897123
707,134,181469.70160897123
708,646,181469.70160897123
709,42,181469.70160897123
710,532,181469.70160897123
711,713,181469.70160897123
712,2561,181469.70160897123
713,2360,181469.70160897123
714,1333,181469.70160897123
715,1407,181469.70160897123
716,2892,181469.70160897123
717,574,181469.70160897123
718,1227,181469.70160897123
719,2591,181469.70160897123
720,1476,181469.70160897123
721,1125,181469.70160897123
722,1446,181469.70160897123
723,408,181469.70160897123
724,1101,181469.70160897123
725,2251,181469.70160897123
726,373,181469.70160897123
727,2554,181469.70160897123
728,2382,181469.70160897123
729,1985,181469.70160897123
730,519,181469.70160897123
731,1093,181469.70160897123
732,864,181469.70160897123
733,2889,181469.70160897123
734,2308,181469.70160897123
735,986,181469.70160897123
736,1302,181469.70160897123
737,585,181469.70160897123
738,2708,181469.70160897123
739,147,181469.70160897123
740,1441,181469.70160897123
741,383,181469.70160897123
742,285,181469.70160897123
743,181,181469.70160897123
744,358,181469.70160897123
745,780,181469.70160897123
746,258,181469.70160897123
747,1865,181469.70160897123
748,692,181469.70160897123
749,2902,181469.70160897123
750,508,181469.70160897123
751,2638,181469.70160897123
752,36,181469.70160897123
753,611,181469.70160897123
754,2281,181469.70160897123
755,1678,181469.70160897123
756,1696,181469.70160897123
757,1557,181469.70160897123
758,2180,181469.70160897123
759,1726,181469.70160897123
760,951,181469.70160897123
761,267,181469.70160897123
762,2706,181469.70160897123
763,2221,181469.70160897123
764,1357,181469.70160897123
765,2901,181469.70160897123
766,347,181469.70160897123
767,2164,181469.70160897123
768,1586,181469.70160897123
769,360,181469.70160897123
770,1769,181469.70160897123
771,2617,181469.70160897123
772,1879,181469.70160897123
773,991,181469.70160897123
774,1535,181469.70160897123
775,1191,181469.70160897123
776,1579,181469.70160897123
777,1882,181469.70160897123
778,1510,181469.70160897123
779,2196,181469.70160897123
780,1845,181469.70160897123
781,2336,181469.70160897123
782,942,181469.70160897123
783,861,181469.70160897123
784,2555,181469.70160897123
785,1392,181469.70160897123
786,2099,181469.70160897123
787,1543,181469.70160897123
788,948,181469.70160897123
789,1239,181469.70160897123
790,22,181469.70160897123
791,2796,181469.70160897123
792,2747,181469.70160897123
793,92,181469.70160897123
794,210,181469.70160897123
795,1858,181469.70160897123
796,2228,181469.70160897123
797,447,181469.70160897123
798,827,181469.70160897123
799,1649,181469.70160897123
800,682,181469.70160897123
801,2698,181469.70160897123
802,494,181469.70160897123
803,214,181469.70160897123
804,2441,181469.70160897123
805,2679,181469.70160897123
806,1336,181469.70160897123
807,465,181469.70160897123
808,1524,181469.70160897123
809,2543,181469.70160897123
810,631,181469.70160897123
811,2452,181469.70160897123
812,228,181469.70160897123
813,126,181469.70160897123
814,1092,181469.70160897123
815,1122,181469.70160897123
816,932,181469.70160897123
817,1980,181469.70160897123
818,2171,181469.70160897123
819,551,181469.70160897123
820,2768,181469.70160897123
821,2056,181469.70160897123
822,1159,181469.70160897123
823,2645,181469.70160897123
824,1174,181469.70160897123
825,2266,181469.70160897123
826,2462,181469.70160897123
827,1219,181469.70160897123
828,2922,181469.70160897123
829,118,181469.70160897123
830,474,181469.70160897123
831,2576,181469.70160897123
832,872,181469.70160897123
833,1077,181469.70160897123
834,1536,181469.70160897123
835,1150,181469.70160897123
836,2341,181469.70160897123
837,1931,181469.70160897123
838,2785,181469.70160897123
839,2538,181469.70160897123
840,597,181469.70160897123
841,464,181469.70160897123
842,233,181469.70160897123
843,2169,181469.70160897123
844,2123,181469.70160897123
845,1867,181469.70160897123
846,137,181469.70160897123
847,515,181469.70160897123
848,933,181469.70160897123
849,2784,181469.70160897123
850,972,181469.70160897123
851,599,181469.70160897123
852,2614,181469.70160897123
853,2582,181469.70160897123
854,1409,181469.70160897123
855,175,181469.70160897123
856,352,181469.70160897123
857,976,181469.70160897123
858,2134,181469.70160897123
859,984,181469.70160897123
860,2396,181469.70160897123
861,1673,181469.70160897123
862,404,181469.70160897123
863,607,181469.70160897123
864,814,181469.70160897123
865,868,181469.70160897123
866,2271,181469.70160897123
867,1633,181469.70160897123
868,337,181469.70160897123
869,2765,181469.70160897123
870,1746,181469.70160897123
871,368,181469.70160897123
872,2806,181469.70160897123
873,1662,181469.70160897123
874,1234,181469.70160897123
875,1373,181469.70160897123
876,1672,181469.70160897123
877,1939,181469.70160897123
